const int g[n][n]={
	{0,1,2},
	{1,2,0},
	{2,0,1},
};

1.000 2.000 -1.000 1.000
1.000 -1.000 2.000 1.000
-2.000 -1.000 -1.000 1.000

-1.000 -1.000 2.000 1.000
2.000 -1.000 -1.000 1.000
-1.000 2.000 -1.000 1.000

-0.222 0.111 0.111
-0.111 -0.111 0.222
-0.111 0.222 -0.111
0.333 0.333 0.333


const int g[n][n]={
	{0,1,2},
	{1,0,1},
	{2,1,0},
};

-1.000 1.000 0.000 1.000
1.000 1.000 0.000 0.000
-1.000 1.000 1.000 0.000

-1.000 1.000 1.000 0.000
1.000 1.000 0.000 0.000
-1.000 1.000 0.000 1.000

0.500 -0.500 0.000
0.500 0.500 -0.000
-1.000 -0.000 1.000
-1.000 -0.000 1.000

const int g[n][n]={
	{1,0,2},
	{0,1,2},
	{2,2,1},
};

1.000 -1.000 1.000 -1.000
1.000 -1.000 -1.000 0.000
1.000 1.000 0.000 0.000

1.000 -1.000 1.000 -1.000
1.000 -1.000 0.000 -1.000
1.000 1.000 0.000 0.000

0.000 0.500 0.500
-0.000 0.500 -0.500
-1.000 1.000 -0.000
1.000 -1.000 0.000